TITLE = "Data at t= 0.0015 sec" 
VARIABLES = X Y P T rho vx vy 
N = 1200
0.0341667	0.025	105085	300	1.2205	1006.85	0
0.1025	0.025	105085	300	1.2205	1006.85	-2.71693e-06
0.170833	0.025	105085	300	1.2205	1006.85	-3.48227e-05
0.239167	0.025	105085	300	1.2205	1006.85	-0.000235048
0.3075	0.025	105086	300.001	1.22051	1006.85	-0.00111045
0.375833	0.025	105088	300.002	1.22052	1006.85	-0.00411822
0.444167	0.025	105093	300.007	1.22056	1006.84	-0.0127517
0.5125	0.025	105106	300.018	1.22067	1006.83	-0.0342475
0.580833	0.025	105137	300.044	1.22092	1006.81	-0.0818511
0.649167	0.025	105198	300.096	1.22142	1006.76	-0.177287
0.7175	0.025	105312	300.192	1.22236	1006.68	-0.352739
0.785833	0.025	105509	300.358	1.22396	1006.56	-0.651363
0.854167	0.025	105824	300.624	1.22653	1006.37	-1.1253
0.9225	0.025	106298	301.023	1.2304	1006.11	-1.83048
0.990833	0.025	106971	301.587	1.23586	1005.78	-2.81823
1.05917	0.025	107873	302.341	1.24318	1005.39	-4.12495
1.1275	0.025	109023	303.297	1.25247	1004.97	-5.7622
1.19583	0.025	110419	304.449	1.26371	1004.54	-7.71017
1.26417	0.025	112038	305.775	1.27668	1004.15	-9.91703
1.3325	0.025	113836	307.232	1.29101	1003.83	-12.3047
1.40083	0.025	115752	308.769	1.30621	1003.62	-14.7796
1.46917	0.025	117716	310.327	1.32171	1003.53	-17.2456
1.5375	0.025	119660	311.851	1.33696	1003.56	-19.6156
1.60583	0.025	121518	313.292	1.35148	1003.71	-21.8197
1.67417	0.025	123239	314.614	1.36486	1003.95	-23.809
1.7425	0.025	124787	315.792	1.37684	1004.25	-25.5559
1.81083	0.025	126139	316.814	1.38728	1004.6	-27.0518
1.87917	0.025	127289	317.677	1.39613	1004.95	-28.3028
1.9475	0.025	128244	318.39	1.40344	1005.29	-29.326
2.01583	0.025	129016	318.965	1.40935	1005.6	-30.1453
2.08417	0.025	129627	319.418	1.41401	1005.87	-30.7878
2.1525	0.025	130098	319.767	1.41761	1006.11	-31.2816
2.22083	0.025	130455	320.031	1.42032	1006.3	-31.6537
2.28917	0.025	130718	320.226	1.42232	1006.45	-31.9286
2.3575	0.025	130909	320.367	1.42377	1006.56	-32.1277
2.42583	0.025	131045	320.468	1.4248	1006.65	-32.2692
2.49417	0.025	131139	320.537	1.42551	1006.71	-32.3678
2.5625	0.025	131203	320.585	1.426	1006.76	-32.4352
2.63083	0.025	131246	320.617	1.42632	1006.79	-32.4804
2.69917	0.025	131274	320.637	1.42653	1006.81	-32.5102
2.7675	0.025	131292	320.651	1.42667	1006.82	-32.5294
2.83583	0.025	131303	320.659	1.42676	1006.83	-32.5416
2.90417	0.025	131310	320.665	1.42681	1006.84	-32.5492
2.9725	0.025	131315	320.668	1.42684	1006.84	-32.5538
3.04083	0.025	131317	320.67	1.42686	1006.84	-32.5566
3.10917	0.025	131319	320.671	1.42687	1006.85	-32.5582
3.1775	0.025	131319	320.671	1.42688	1006.85	-32.5592
3.24583	0.025	131320	320.672	1.42688	1006.85	-32.5597
3.31417	0.025	131320	320.672	1.42688	1006.85	-32.56
3.3825	0.025	131320	320.672	1.42689	1006.85	-32.5602
3.45083	0.025	131320	320.672	1.42689	1006.85	-32.5603
3.51917	0.025	131321	320.672	1.42689	1006.85	-32.5603
3.5875	0.025	131321	320.672	1.42689	1006.85	-32.5604
3.65583	0.025	131321	320.672	1.42689	1006.85	-32.5604
3.72417	0.025	131321	320.672	1.42689	1006.85	-32.5604
3.7925	0.025	131321	320.672	1.42689	1006.85	-32.5604
3.86083	0.025	131321	320.672	1.42689	1006.85	-32.5604
3.92917	0.025	131321	320.672	1.42689	1006.85	-32.5604
3.9975	0.025	131321	320.672	1.42689	1006.85	-32.5604
4.06583	0.025	131303	320.66	1.42675	1006.85	-32.5447
0.0341667	0.075	105085	300	1.2205	1006.85	0
0.1025	0.075	105085	300	1.2205	1006.85	-7.72313e-06
0.170833	0.075	105085	300	1.2205	1006.85	-9.46278e-05
0.239167	0.075	105085	300	1.2205	1006.85	-0.000613068
0.3075	0.075	105086	300.001	1.22051	1006.85	-0.00279062
0.375833	0.075	105089	300.004	1.22053	1006.84	-0.0100074
0.444167	0.075	105098	300.011	1.2206	1006.84	-0.0300637
0.5125	0.075	105118	300.028	1.22077	1006.82	-0.0785787
0.580833	0.075	105162	300.066	1.22113	1006.78	-0.18328
0.649167	0.075	105250	300.142	1.22183	1006.71	-0.388371
0.7175	0.075	105407	300.278	1.22311	1006.6	-0.757532
0.785833	0.075	105672	300.506	1.22525	1006.41	-1.3736
0.854167	0.075	106087	300.863	1.2286	1006.14	-2.33298
0.9225	0.075	106696	301.39	1.2335	1005.78	-3.73363
0.990833	0.075	107541	302.12	1.24026	1005.32	-5.65739
1.05917	0.075	108649	303.077	1.24908	1004.79	-8.15004
1.1275	0.075	110027	304.266	1.25998	1004.22	-11.2048
1.19583	0.075	111660	305.669	1.27281	1003.65	-14.7555
1.26417	0.075	113504	307.248	1.28719	1003.15	-18.6824
1.3325	0.075	115500	308.944	1.30263	1002.76	-22.8298
1.40083	0.075	117573	310.693	1.31855	1002.52	-27.0296
1.46917	0.075	119649	312.429	1.33437	1002.43	-31.1244
1.5375	0.075	121659	314.094	1.34959	1002.52	-34.9839
1.60583	0.075	123544	315.644	1.36377	1002.74	-38.5136
1.67417	0.075	125264	317.046	1.37664	1003.07	-41.6559
1.7425	0.075	126792	318.284	1.38802	1003.49	-44.3861
1.81083	0.075	128118	319.35	1.39785	1003.94	-46.7063
1.87917	0.075	129241	320.249	1.40615	1004.39	-48.6376
1.9475	0.075	130172	320.991	1.413	1004.83	-50.2141
2.01583	0.075	130928	321.592	1.41855	1005.23	-51.4768
2.08417	0.075	131528	322.068	1.42295	1005.58	-52.4696
2.1525	0.075	131996	322.439	1.42637	1005.88	-53.2359
2.22083	0.075	132353	322.721	1.42898	1006.12	-53.8167
2.28917	0.075	132620	322.932	1.43092	1006.32	-54.2488
2.3575	0.075	132816	323.087	1.43235	1006.47	-54.5644
2.42583	0.075	132957	323.198	1.43338	1006.58	-54.7907
2.49417	0.075	133056	323.277	1.4341	1006.66	-54.9499
2.5625	0.075	133125	323.331	1.4346	1006.72	-55.0598
2.63083	0.075	133172	323.368	1.43494	1006.76	-55.1343
2.69917	0.075	133203	323.393	1.43516	1006.79	-55.1839
2.7675	0.075	133223	323.409	1.43531	1006.81	-55.2162
2.83583	0.075	133236	323.419	1.43541	1006.83	-55.237
2.90417	0.075	133244	323.425	1.43546	1006.83	-55.25
2.9725	0.075	133249	323.429	1.4355	1006.84	-55.2581
3.04083	0.075	133252	323.432	1.43552	1006.84	-55.2629
3.10917	0.075	133254	323.433	1.43554	1006.84	-55.2659
3.1775	0.075	133255	323.434	1.43554	1006.84	-55.2676
3.24583	0.075	133256	323.435	1.43555	1006.85	-55.2685
3.31417	0.075	133256	323.435	1.43555	1006.85	-55.2691
3.3825	0.075	133256	323.435	1.43555	1006.85	-55.2694
3.45083	0.075	133257	323.435	1.43555	1006.85	-55.2696
3.51917	0.075	133257	323.435	1.43555	1006.85	-55.2697
3.5875	0.075	133257	323.435	1.43555	1006.85	-55.2697
3.65583	0.075	133257	323.435	1.43555	1006.85	-55.2697
3.72417	0.075	133257	323.435	1.43555	1006.85	-55.2697
3.7925	0.075	133257	323.435	1.43555	1006.85	-55.2698
3.86083	0.075	133257	323.435	1.43555	1006.85	-55.2698
3.92917	0.075	133257	323.435	1.43555	1006.85	-55.2698
3.9975	0.075	133257	323.435	1.43555	1006.85	-55.2698
4.06583	0.075	133242	323.424	1.43544	1006.85	-55.2479
0.0341667	0.125	105085	300	1.2205	1006.85	0
0.1025	0.125	105085	300	1.2205	1006.85	-2.27771e-05
0.170833	0.125	105085	300	1.2205	1006.85	-0.000265851
0.239167	0.125	105086	300.001	1.22051	1006.85	-0.00164797
0.3075	0.125	105088	300.002	1.22052	1006.84	-0.00720724
0.375833	0.125	105095	300.008	1.22058	1006.84	-0.0249298
0.444167	0.125	105114	300.024	1.22073	1006.82	-0.0725032
0.5125	0.125	105158	300.062	1.22109	1006.78	-0.184068
0.580833	0.125	105250	300.141	1.22184	1006.71	-0.418224
0.649167	0.125	105427	300.293	1.22328	1006.57	-0.865366
0.7175	0.125	105739	300.56	1.22581	1006.33	-1.65112
0.785833	0.125	106248	300.996	1.22993	1005.97	-2.9317
0.854167	0.125	107026	301.664	1.23619	1005.45	-4.87742
0.9225	0.125	108141	302.621	1.24511	1004.77	-7.64327
0.990833	0.125	109644	303.911	1.25706	1003.94	-11.331
1.05917	0.125	111558	305.548	1.27215	1003	-15.9541
1.1275	0.125	113864	307.51	1.29016	1002.03	-21.4189
1.19583	0.125	116503	309.736	1.31058	1001.11	-27.5323
1.26417	0.125	119382	312.137	1.33264	1000.34	-34.0345
1.3325	0.125	122388	314.61	1.35545	999.796	-40.6439
1.40083	0.125	125407	317.058	1.37817	999.515	-47.0999
1.46917	0.125	128336	319.397	1.40002	999.509	-53.1918
1.5375	0.125	131093	321.568	1.42045	999.756	-58.7715
1.60583	0.125	133621	323.531	1.43905	1000.21	-63.7523
1.67417	0.125	135883	325.268	1.4556	1000.82	-68.1
1.7425	0.125	137867	326.775	1.47004	1001.53	-71.8199
1.81083	0.125	139571	328.059	1.48239	1002.27	-74.9454
1.87917	0.125	141009	329.135	1.49276	1003	-77.5269
1.9475	0.125	142200	330.022	1.50133	1003.69	-79.6246
2.01583	0.125	143170	330.742	1.50828	1004.32	-81.3018
2.08417	0.125	143945	331.315	1.51382	1004.86	-82.6213
2.1525	0.125	144555	331.765	1.51817	1005.32	-83.6426
2.22083	0.125	145024	332.111	1.52151	1005.7	-84.42
2.28917	0.125	145380	332.373	1.52404	1006	-85.0017
2.3575	0.125	145645	332.568	1.52592	1006.23	-85.4296
2.42583	0.125	145838	332.71	1.52729	1006.41	-85.7387
2.49417	0.125	145976	332.812	1.52827	1006.54	-85.9581
2.5625	0.125	146073	332.884	1.52896	1006.64	-86.1109
2.63083	0.125	146140	332.933	1.52943	1006.7	-86.2155
2.69917	0.125	146185	332.966	1.52975	1006.75	-86.2857
2.7675	0.125	146215	332.988	1.52997	1006.78	-86.332
2.83583	0.125	146235	333.003	1.5301	1006.8	-86.3619
2.90417	0.125	146247	333.012	1.53019	1006.82	-86.381
2.9725	0.125	146255	333.018	1.53025	1006.83	-86.3928
3.04083	0.125	146260	333.021	1.53028	1006.83	-86.4001
3.10917	0.125	146263	333.024	1.5303	1006.83	-86.4045
3.1775	0.125	146265	333.025	1.53031	1006.84	-86.4071
3.24583	0.125	146266	333.026	1.53032	1006.84	-86.4086
3.31417	0.125	146266	333.026	1.53033	1006.84	-86.4094
3.3825	0.125	146267	333.026	1.53033	1006.84	-86.4099
3.45083	0.125	146267	333.026	1.53033	1006.84	-86.4102
3.51917	0.125	146267	333.027	1.53033	1006.84	-86.4103
3.5875	0.125	146267	333.027	1.53033	1006.84	-86.4104
3.65583	0.125	146267	333.027	1.53033	1006.84	-86.4104
3.72417	0.125	146267	333.027	1.53033	1006.84	-86.4104
3.7925	0.125	146267	333.027	1.53033	1006.84	-86.4105
3.86083	0.125	146267	333.027	1.53033	1006.84	-86.4105
3.92917	0.125	146267	333.027	1.53033	1006.84	-86.4105
3.9975	0.125	146267	333.027	1.53033	1006.84	-86.4105
4.06583	0.125	146250	333.015	1.53021	1006.84	-86.3844
0.0341667	0.175	105085	300	1.2205	1006.85	0
0.1025	0.175	105085	300	1.2205	1006.85	-6.61423e-05
0.170833	0.175	105085	300	1.2205	1006.85	-0.000731211
0.239167	0.175	105087	300.001	1.22051	1006.85	-0.00431307
0.3075	0.175	105092	300.006	1.22056	1006.84	-0.0180277
0.375833	0.175	105108	300.02	1.22069	1006.83	-0.0598432
0.444167	0.175	105151	300.056	1.22103	1006.79	-0.167663
0.5125	0.175	105246	300.138	1.22181	1006.71	-0.411453
0.580833	0.175	105441	300.304	1.22339	1006.54	-0.90624
0.649167	0.175	105802	300.613	1.22632	1006.25	-1.82151
0.7175	0.175	106418	301.142	1.2313	1005.78	-3.37998
0.785833	0.175	107396	301.982	1.23915	1005.06	-5.8375
0.854167	0.175	108843	303.225	1.2507	1004.07	-9.43897
0.9225	0.175	110847	304.945	1.26655	1002.8	-14.3547
0.990833	0.175	113450	307.167	1.28691	1001.31	-20.6168
1.05917	0.175	116627	309.854	1.31148	999.712	-28.0838
1.1275	0.175	120288	312.906	1.33945	998.148	-36.455
1.19583	0.175	124285	316.179	1.36963	996.782	-45.3306
1.26417	0.175	128444	319.514	1.40069	995.749	-54.2922
1.3325	0.175	132596	322.769	1.43139	995.133	-62.9714
1.40083	0.175	136596	325.836	1.46069	994.962	-71.0902
1.46917	0.175	140338	328.644	1.48788	995.209	-78.4698
1.5375	0.175	143753	331.158	1.51251	995.811	-85.0208
1.60583	0.175	146808	333.369	1.53441	996.683	-90.7223
1.67417	0.175	149493	335.284	1.55355	997.733	-95.6013
1.7425	0.175	151818	336.923	1.57004	998.874	-99.7144
1.81083	0.175	153804	338.309	1.58406	1000.03	-103.135
1.87917	0.175	155476	339.467	1.59582	1001.15	-105.941
1.9475	0.175	156865	340.423	1.60556	1002.18	-108.215
2.01583	0.175	158004	341.203	1.61351	1003.1	-110.033
2.08417	0.175	158923	341.831	1.61992	1003.9	-111.466
2.1525	0.175	159653	342.328	1.62499	1004.57	-112.58
2.22083	0.175	160224	342.717	1.62896	1005.12	-113.433
2.28917	0.175	160662	343.015	1.632	1005.56	-114.076
2.3575	0.175	160994	343.24	1.63429	1005.9	-114.554
2.42583	0.175	161239	343.407	1.63599	1006.16	-114.902
2.49417	0.175	161418	343.528	1.63722	1006.36	-115.151
2.5625	0.175	161546	343.615	1.63811	1006.5	-115.327
2.63083	0.175	161635	343.675	1.63872	1006.6	-115.448
2.69917	0.175	161697	343.717	1.63915	1006.67	-115.531
2.7675	0.175	161738	343.745	1.63943	1006.72	-115.586
2.83583	0.175	161766	343.764	1.63962	1006.75	-115.622
2.90417	0.175	161783	343.776	1.63975	1006.77	-115.645
2.9725	0.175	161795	343.783	1.63983	1006.79	-115.66
3.04083	0.175	161802	343.788	1.63987	1006.79	-115.669
3.10917	0.175	161806	343.791	1.6399	1006.8	-115.674
3.1775	0.175	161809	343.793	1.63992	1006.8	-115.677
3.24583	0.175	161810	343.794	1.63993	1006.8	-115.679
3.31417	0.175	161811	343.795	1.63994	1006.81	-115.68
3.3825	0.175	161812	343.795	1.63994	1006.81	-115.681
3.45083	0.175	161812	343.795	1.63994	1006.81	-115.681
3.51917	0.175	161812	343.795	1.63995	1006.81	-115.682
3.5875	0.175	161812	343.795	1.63995	1006.81	-115.682
3.65583	0.175	161812	343.795	1.63995	1006.81	-115.682
3.72417	0.175	161812	343.795	1.63995	1006.81	-115.682
3.7925	0.175	161812	343.795	1.63995	1006.81	-115.682
3.86083	0.175	161812	343.795	1.63995	1006.81	-115.682
3.92917	0.175	161812	343.795	1.63995	1006.81	-115.682
3.9975	0.175	161812	343.795	1.63995	1006.81	-115.682
4.06583	0.175	161796	343.785	1.63983	1006.81	-115.657
0.0341667	0.225	105085	300	1.2205	1006.85	0
0.1025	0.225	105085	300	1.2205	1006.85	-0.000191592
0.170833	0.225	105086	300.001	1.22051	1006.85	-0.00199776
0.239167	0.225	105089	300.004	1.22054	1006.84	-0.0111698
0.3075	0.225	105102	300.015	1.22064	1006.83	-0.0444598
0.375833	0.225	105140	300.047	1.22095	1006.8	-0.141145
0.444167	0.225	105234	300.128	1.22171	1006.71	-0.379636
0.5125	0.225	105438	300.302	1.22337	1006.53	-0.897251
0.580833	0.225	105839	300.646	1.22662	1006.19	-1.90767
0.649167	0.225	106556	301.261	1.23241	1005.6	-3.70568
0.7175	0.225	107739	302.279	1.24189	1004.67	-6.64469
0.785833	0.225	109547	303.835	1.25626	1003.31	-11.0744
0.854167	0.225	112112	306.037	1.27643	1001.5	-17.2414
0.9225	0.225	115502	308.925	1.30273	999.298	-25.1853
0.990833	0.225	119678	312.433	1.33468	996.861	-34.6822
1.05917	0.225	124496	316.398	1.37101	994.421	-45.277
1.1275	0.225	129729	320.593	1.40994	992.237	-56.3912
1.19583	0.225	135116	324.788	1.44952	990.531	-67.4547
1.26417	0.225	140417	328.793	1.48805	989.444	-78.003
1.3325	0.225	145446	332.482	1.52423	989.023	-87.7198
1.40083	0.225	150079	335.791	1.55729	989.234	-96.4323
1.46917	0.225	154255	338.702	1.58687	989.985	-104.081
1.5375	0.225	157957	341.229	1.61292	991.152	-110.685
1.60583	0.225	161199	343.403	1.6356	992.604	-116.31
1.67417	0.225	164010	345.26	1.65516	994.219	-121.047
1.7425	0.225	166427	346.838	1.67192	995.888	-124.994
1.81083	0.225	168489	348.171	1.68615	997.527	-128.253
1.87917	0.225	170233	349.29	1.69815	999.07	-130.916
1.9475	0.225	171695	350.221	1.70818	1000.47	-133.072
2.01583	0.225	172906	350.989	1.71646	1001.72	-134.798
2.08417	0.225	173897	351.616	1.72322	1002.78	-136.164
2.1525	0.225	174696	352.12	1.72867	1003.68	-137.232
2.22083	0.225	175332	352.52	1.73299	1004.41	-138.056
2.28917	0.225	175829	352.832	1.73637	1004.99	-138.682
2.3575	0.225	176212	353.071	1.73896	1005.45	-139.151
2.42583	0.225	176500	353.252	1.74092	1005.8	-139.497
2.49417	0.225	176713	353.386	1.74236	1006.07	-139.748
2.5625	0.225	176869	353.483	1.74342	1006.26	-139.926
2.63083	0.225	176979	353.552	1.74416	1006.4	-140.051
2.69917	0.225	177057	353.6	1.74469	1006.49	-140.137
2.7675	0.225	177109	353.633	1.74505	1006.56	-140.195
2.83583	0.225	177145	353.655	1.74529	1006.61	-140.233
2.90417	0.225	177169	353.67	1.74545	1006.64	-140.258
2.9725	0.225	177184	353.679	1.74555	1006.66	-140.274
3.04083	0.225	177193	353.685	1.74562	1006.67	-140.284
3.10917	0.225	177199	353.689	1.74566	1006.68	-140.29
3.1775	0.225	177203	353.691	1.74568	1006.68	-140.294
3.24583	0.225	177205	353.693	1.7457	1006.68	-140.296
3.31417	0.225	177206	353.693	1.7457	1006.69	-140.297
3.3825	0.225	177207	353.694	1.74571	1006.69	-140.298
3.45083	0.225	177208	353.694	1.74571	1006.69	-140.298
3.51917	0.225	177208	353.694	1.74571	1006.69	-140.298
3.5875	0.225	177208	353.694	1.74571	1006.69	-140.299
3.65583	0.225	177208	353.694	1.74571	1006.69	-140.299
3.72417	0.225	177208	353.694	1.74572	1006.69	-140.299
3.7925	0.225	177208	353.694	1.74572	1006.69	-140.299
3.86083	0.225	177208	353.694	1.74572	1006.69	-140.299
3.92917	0.225	177208	353.694	1.74572	1006.69	-140.299
3.9975	0.225	177208	353.694	1.74572	1006.69	-140.299
4.06583	0.225	177194	353.686	1.74562	1006.69	-140.279
0.0341667	0.275	105085	300	1.2205	1006.85	0
0.1025	0.275	105085	300	1.2205	1006.85	-0.000554583
0.170833	0.275	105087	300.002	1.22052	1006.85	-0.00543171
0.239167	0.275	105096	300.01	1.22059	1006.84	-0.0286817
0.3075	0.275	105127	300.036	1.22084	1006.81	-0.108352
0.375833	0.275	105214	300.11	1.22155	1006.73	-0.327901
0.444167	0.275	105418	300.285	1.22321	1006.54	-0.84378
0.5125	0.275	105844	300.651	1.22666	1006.17	-1.91287
0.580833	0.275	106646	301.34	1.23312	1005.47	-3.90587
0.649167	0.275	108023	302.527	1.24414	1004.32	-7.28374
0.7175	0.275	110194	304.4	1.26134	1002.56	-12.5136
0.785833	0.275	113351	307.114	1.28601	1000.13	-19.9227
0.854167	0.275	117584	310.714	1.31858	997.081	-29.5397
0.9225	0.275	122833	315.092	1.3583	993.623	-41.0167
0.990833	0.275	128872	319.992	1.40326	990.101	-53.6956
1.05917	0.275	135363	325.083	1.45085	986.905	-66.7897
1.1275	0.275	141936	330.051	1.4984	984.366	-79.5792
1.19583	0.275	148271	334.666	1.54369	982.69	-91.5323
1.26417	0.275	154143	338.799	1.58526	981.944	-102.335
1.3325	0.275	159433	342.408	1.62238	982.075	-111.858
1.40083	0.275	164103	345.51	1.65491	982.955	-120.102
1.46917	0.275	168174	348.153	1.68309	984.418	-127.142
1.5375	0.275	171701	350.399	1.70737	986.287	-133.094
1.60583	0.275	174745	352.307	1.72823	988.4	-138.084
1.67417	0.275	177369	353.93	1.74614	990.616	-142.237
1.7425	0.275	179629	355.312	1.76151	992.822	-145.671
1.81083	0.275	181572	356.489	1.77468	994.93	-148.492
1.87917	0.275	183234	357.488	1.78592	996.88	-150.792
1.9475	0.275	184648	358.333	1.79546	998.633	-152.653
2.01583	0.275	185840	359.041	1.80349	1000.17	-154.146
2.08417	0.275	186833	359.629	1.81017	1001.48	-155.333
2.1525	0.275	187651	360.111	1.81565	1002.58	-156.266
2.22083	0.275	188314	360.5	1.82009	1003.48	-156.992
2.28917	0.275	188842	360.81	1.82363	1004.2	-157.548
2.3575	0.275	189255	361.052	1.8264	1004.77	-157.968
2.42583	0.275	189573	361.238	1.82853	1005.21	-158.281
2.49417	0.275	189813	361.378	1.83013	1005.54	-158.511
2.5625	0.275	189990	361.481	1.83132	1005.78	-158.676
2.63083	0.275	190119	361.556	1.83218	1005.95	-158.793
2.69917	0.275	190210	361.609	1.83279	1006.08	-158.874
2.7675	0.275	190273	361.645	1.83321	1006.16	-158.93
2.83583	0.275	190316	361.67	1.8335	1006.22	-158.967
2.90417	0.275	190345	361.687	1.8337	1006.26	-158.991
2.9725	0.275	190364	361.698	1.83382	1006.29	-159.007
3.04083	0.275	190376	361.705	1.8339	1006.3	-159.017
3.10917	0.275	190384	361.71	1.83396	1006.32	-159.023
3.1775	0.275	190389	361.712	1.83399	1006.32	-159.027
3.24583	0.275	190392	361.714	1.83401	1006.33	-159.029
3.31417	0.275	190393	361.715	1.83402	1006.33	-159.03
3.3825	0.275	190394	361.715	1.83402	1006.33	-159.031
3.45083	0.275	190395	361.716	1.83403	1006.33	-159.032
3.51917	0.275	190395	361.716	1.83403	1006.33	-159.032
3.5875	0.275	190395	361.716	1.83403	1006.33	-159.032
3.65583	0.275	190396	361.716	1.83403	1006.33	-159.032
3.72417	0.275	190396	361.716	1.83403	1006.33	-159.032
3.7925	0.275	190396	361.716	1.83403	1006.33	-159.032
3.86083	0.275	190396	361.716	1.83403	1006.33	-159.032
3.92917	0.275	190396	361.716	1.83403	1006.33	-159.032
3.9975	0.275	190396	361.716	1.83403	1006.33	-159.032
4.06583	0.275	190385	361.71	1.83396	1006.33	-159.018
0.0341667	0.325	105085	300	1.2205	1006.85	0
0.1025	0.325	105086	300.001	1.2205	1006.85	-0.00160475
0.170833	0.325	105091	300.005	1.22055	1006.84	-0.0146965
0.239167	0.325	105113	300.024	1.22073	1006.82	-0.0730033
0.3075	0.325	105187	300.088	1.22133	1006.75	-0.260804
0.375833	0.325	105381	300.254	1.2229	1006.57	-0.749614
0.444167	0.325	105816	300.627	1.22642	1006.18	-1.83767
0.5125	0.325	106680	301.372	1.23338	1005.41	-3.97443
0.580833	0.325	108229	302.71	1.24576	1004.05	-7.73749
0.649167	0.325	110752	304.894	1.26567	1001.89	-13.7228
0.7175	0.325	114507	308.129	1.29484	998.787	-22.3396
0.785833	0.325	119613	312.467	1.33381	994.787	-33.584
0.854167	0.325	125971	317.736	1.38141	990.164	-46.9397
0.9225	0.325	133248	323.559	1.43491	985.397	-61.5029
0.990833	0.325	140964	329.483	1.49071	981.035	-76.2635
1.05917	0.325	148618	335.11	1.54526	977.536	-90.3707
1.1275	0.325	155808	340.178	1.59589	975.176	-103.266
1.19583	0.325	162285	344.573	1.64102	974.033	-114.679
1.26417	0.325	167947	348.294	1.68013	974.029	-124.558
1.3325	0.325	172806	351.402	1.71346	974.992	-132.982
1.40083	0.325	176941	353.988	1.74163	976.705	-140.092
1.46917	0.325	180455	356.146	1.76546	978.952	-146.05
1.5375	0.325	183456	357.961	1.78572	981.529	-151.015
1.60583	0.325	186036	359.5	1.80309	984.266	-155.132
1.67417	0.325	188273	360.817	1.8181	987.022	-158.528
1.7425	0.325	190222	361.953	1.83116	989.69	-161.317
1.81083	0.325	191925	362.936	1.84255	992.192	-163.595
1.87917	0.325	193413	363.788	1.85249	994.475	-165.446
1.9475	0.325	194706	364.522	1.86111	996.51	-166.941
2.01583	0.325	195820	365.151	1.86854	998.283	-168.139
2.08417	0.325	196771	365.685	1.87487	999.795	-169.094
2.1525	0.325	197570	366.131	1.88019	1001.06	-169.847
2.22083	0.325	198231	366.499	1.88458	1002.1	-170.435
2.28917	0.325	198768	366.798	1.88816	1002.93	-170.889
2.3575	0.325	199197	367.035	1.89101	1003.59	-171.236
2.42583	0.325	199533	367.221	1.89324	1004.1	-171.496
2.49417	0.325	199790	367.363	1.89495	1004.48	-171.689
2.5625	0.325	199983	367.469	1.89623	1004.77	-171.829
2.63083	0.325	200126	367.547	1.89718	1004.98	-171.93
2.69917	0.325	200228	367.603	1.89786	1005.12	-172.001
2.7675	0.325	200300	367.643	1.89834	1005.23	-172.049
2.83583	0.325	200350	367.67	1.89867	1005.3	-172.082
2.90417	0.325	200384	367.689	1.8989	1005.35	-172.104
2.9725	0.325	200407	367.701	1.89904	1005.38	-172.118
3.04083	0.325	200421	367.709	1.89914	1005.4	-172.128
3.10917	0.325	200430	367.714	1.8992	1005.41	-172.133
3.1775	0.325	200436	367.717	1.89924	1005.42	-172.137
3.24583	0.325	200440	367.719	1.89927	1005.42	-172.139
3.31417	0.325	200442	367.72	1.89928	1005.43	-172.14
3.3825	0.325	200443	367.721	1.89929	1005.43	-172.141
3.45083	0.325	200444	367.721	1.89929	1005.43	-172.141
3.51917	0.325	200444	367.722	1.8993	1005.43	-172.142
3.5875	0.325	200445	367.722	1.8993	1005.43	-172.142
3.65583	0.325	200445	367.722	1.8993	1005.43	-172.142
3.72417	0.325	200445	367.722	1.8993	1005.43	-172.142
3.7925	0.325	200445	367.722	1.8993	1005.43	-172.142
3.86083	0.325	200445	367.722	1.8993	1005.43	-172.142
3.92917	0.325	200445	367.722	1.8993	1005.43	-172.142
3.9975	0.325	200445	367.722	1.8993	1005.43	-172.142
4.06583	0.325	200437	367.717	1.89925	1005.43	-172.132
0.0341667	0.375	105085	300	1.2205	1006.85	0
0.1025	0.375	105087	300.002	1.22051	1006.85	-0.00464257
0.170833	0.375	105100	300.013	1.22062	1006.83	-0.039553
0.239167	0.375	105157	300.062	1.22108	1006.78	-0.184008
0.3075	0.375	105328	300.209	1.22247	1006.62	-0.619024
0.375833	0.375	105753	300.574	1.22591	1006.23	-1.68192
0.444167	0.375	106653	301.352	1.23316	1005.4	-3.90479
0.5125	0.375	108346	302.819	1.24665	1003.87	-7.99263
0.580833	0.375	111200	305.299	1.2691	1001.32	-14.6829
0.649167	0.375	115547	309.057	1.30269	997.539	-24.4671
0.7175	0.375	121539	314.147	1.34803	992.529	-37.2834
0.785833	0.375	129022	320.314	1.40348	986.641	-52.4021
0.854167	0.375	137532	327.038	1.46529	980.515	-68.6377
0.9225	0.375	146419	333.728	1.5287	974.879	-84.7542
0.990833	0.375	155036	339.903	1.58926	970.33	-99.8009
1.05917	0.375	162901	345.29	1.64384	967.21	-113.235
1.1275	0.375	169754	349.805	1.69087	965.599	-124.872
1.19583	0.375	175533	353.497	1.73018	965.386	-134.762
1.26417	0.375	180317	356.48	1.76246	966.347	-143.072
1.3325	0.375	184253	358.889	1.78885	968.219	-150.011
1.40083	0.375	187508	360.851	1.81055	970.742	-155.782
1.46917	0.375	190234	362.473	1.82865	973.682	-160.564
1.5375	0.375	192559	363.838	1.84406	976.842	-164.511
1.60583	0.375	194578	365.007	1.85742	980.06	-167.754
1.67417	0.375	196361	366.026	1.86922	983.213	-170.403
1.7425	0.375	197952	366.924	1.87976	986.207	-172.555
1.81083	0.375	199381	367.721	1.88923	988.978	-174.294
1.87917	0.375	200664	368.428	1.89773	991.485	-175.692
1.9475	0.375	201810	369.053	1.90533	993.705	-176.809
2.01583	0.375	202823	369.603	1.91205	995.635	-177.699
2.08417	0.375	203708	370.079	1.91792	997.28	-178.403
2.1525	0.375	204468	370.486	1.92297	998.656	-178.957
2.22083	0.375	205111	370.829	1.92723	999.787	-179.391
2.28917	0.375	205643	371.112	1.93075	1000.7	-179.727
2.3575	0.375	206075	371.341	1.93362	1001.42	-179.984
2.42583	0.375	206419	371.523	1.93589	1001.98	-180.179
2.49417	0.375	206686	371.664	1.93766	1002.41	-180.325
2.5625	0.375	206890	371.772	1.93901	1002.73	-180.433
2.63083	0.375	207042	371.852	1.94002	1002.96	-180.51
2.69917	0.375	207153	371.91	1.94076	1003.13	-180.566
2.7675	0.375	207232	371.952	1.94128	1003.25	-180.604
2.83583	0.375	207287	371.981	1.94165	1003.33	-180.631
2.90417	0.375	207325	372.001	1.9419	1003.39	-180.648
2.9725	0.375	207351	372.014	1.94207	1003.42	-180.66
3.04083	0.375	207367	372.023	1.94218	1003.45	-180.667
3.10917	0.375	207378	372.028	1.94225	1003.46	-180.672
3.1775	0.375	207385	372.032	1.94229	1003.47	-180.675
3.24583	0.375	207389	372.034	1.94232	1003.48	-180.677
3.31417	0.375	207391	372.035	1.94234	1003.48	-180.678
3.3825	0.375	207393	372.036	1.94235	1003.48	-180.679
3.45083	0.375	207394	372.037	1.94235	1003.48	-180.679
3.51917	0.375	207394	372.037	1.94235	1003.48	-180.679
3.5875	0.375	207394	372.037	1.94236	1003.48	-180.679
3.65583	0.375	207395	372.037	1.94236	1003.49	-180.679
3.72417	0.375	207395	372.037	1.94236	1003.49	-180.679
3.7925	0.375	207395	372.037	1.94236	1003.49	-180.679
3.86083	0.375	207395	372.037	1.94236	1003.49	-180.679
3.92917	0.375	207395	372.037	1.94236	1003.49	-180.679
3.9975	0.375	207395	372.037	1.94236	1003.49	-180.679
4.06583	0.375	207390	372.034	1.94233	1003.49	-180.674
0.0341667	0.425	105085	300	1.2205	1006.85	0
0.1025	0.425	105090	300.004	1.22054	1006.84	-0.013429
0.170833	0.425	105126	300.035	1.22083	1006.81	-0.105799
0.239167	0.425	105264	300.154	1.22195	1006.68	-0.458522
0.3075	0.425	105656	300.492	1.22512	1006.31	-1.44458
0.375833	0.425	106562	301.276	1.23241	1005.47	-3.68556
0.444167	0.425	108364	302.845	1.24676	1003.8	-8.0312
0.5125	0.425	111522	305.604	1.27152	1000.9	-15.3791
0.580833	0.425	116454	309.885	1.3094	996.435	-26.3043
0.649167	0.425	123339	315.742	1.36108	990.385	-40.6555
0.7175	0.425	131958	322.813	1.4243	983.178	-57.4391
0.785833	0.425	141689	330.415	1.49415	975.628	-75.1555
0.854167	0.425	151691	337.811	1.56461	968.659	-92.3505
0.9225	0.425	161166	344.448	1.6303	963.01	-108.01
0.990833	0.425	169554	350.054	1.68769	959.077	-121.653
1.05917	0.425	176601	354.589	1.73534	956.933	-133.211
1.1275	0.425	182303	358.16	1.77352	956.421	-142.857
1.19583	0.425	186819	360.937	1.80347	957.267	-150.857
1.26417	0.425	190375	363.098	1.82686	959.159	-157.484
1.3325	0.425	193201	364.801	1.84531	961.801	-162.974
1.40083	0.425	195497	366.174	1.86025	964.935	-167.516
1.46917	0.425	197422	367.311	1.87275	968.345	-171.261
1.5375	0.425	199090	368.282	1.88359	971.859	-174.329
1.60583	0.425	200580	369.133	1.89331	975.341	-176.818
1.67417	0.425	201941	369.896	1.90223	978.689	-178.819
1.7425	0.425	203202	370.59	1.91052	981.83	-180.409
1.81083	0.425	204375	371.224	1.91826	984.713	-181.661
1.87917	0.425	205463	371.805	1.92546	987.308	-182.64
1.9475	0.425	206464	372.334	1.9321	989.601	-183.401
2.01583	0.425	207373	372.81	1.93813	991.591	-183.99
2.08417	0.425	208186	373.232	1.94352	993.289	-184.446
2.1525	0.425	208899	373.601	1.94826	994.713	-184.799
2.22083	0.425	209513	373.918	1.95233	995.887	-185.071
2.28917	0.425	210030	374.184	1.95575	996.838	-185.282
2.3575	0.425	210456	374.403	1.95858	997.594	-185.443
2.42583	0.425	210800	374.579	1.96086	998.184	-185.566
2.49417	0.425	211071	374.718	1.96265	998.636	-185.658
2.5625	0.425	211280	374.824	1.96403	998.976	-185.727
2.63083	0.425	211438	374.905	1.96507	999.227	-185.778
2.69917	0.425	211554	374.964	1.96584	999.408	-185.814
2.7675	0.425	211637	375.007	1.9664	999.537	-185.84
2.83583	0.425	211696	375.037	1.96679	999.626	-185.858
2.90417	0.425	211737	375.058	1.96706	999.687	-185.87
2.9725	0.425	211765	375.072	1.96724	999.727	-185.878
3.04083	0.425	211783	375.081	1.96736	999.754	-185.883
3.10917	0.425	211795	375.087	1.96744	999.771	-185.887
3.1775	0.425	211802	375.091	1.96749	999.782	-185.889
3.24583	0.425	211807	375.093	1.96752	999.788	-185.89
3.31417	0.425	211809	375.095	1.96753	999.793	-185.891
3.3825	0.425	211811	375.096	1.96755	999.795	-185.891
3.45083	0.425	211812	375.096	1.96755	999.796	-185.892
3.51917	0.425	211813	375.097	1.96756	999.797	-185.892
3.5875	0.425	211813	375.097	1.96756	999.798	-185.892
3.65583	0.425	211813	375.097	1.96756	999.798	-185.892
3.72417	0.425	211813	375.097	1.96756	999.798	-185.892
3.7925	0.425	211813	375.097	1.96756	999.798	-185.892
3.86083	0.425	211813	375.097	1.96756	999.798	-185.892
3.92917	0.425	211813	375.097	1.96756	999.798	-185.892
3.9975	0.425	211813	375.097	1.96756	999.798	-185.892
4.06583	0.425	211810	375.095	1.96754	999.801	-185.889
0.0341667	0.475	105085	300	1.2205	1006.85	0
0.1025	0.475	105100	300.013	1.22062	1006.83	-0.0388369
0.170833	0.475	105194	300.094	1.22138	1006.74	-0.2809
0.239167	0.475	105527	300.381	1.22408	1006.43	-1.12633
0.3075	0.475	106400	301.139	1.23109	1005.61	-3.29713
0.375833	0.475	108270	302.776	1.24596	1003.85	-7.81849
0.444167	0.475	111704	305.794	1.27279	1000.63	-15.7822
0.5125	0.475	117214	310.607	1.31488	995.498	-27.8523
0.580833	0.475	125007	317.257	1.37291	988.395	-43.7451
0.649167	0.475	134779	325.25	1.44386	979.842	-62.1385
0.7175	0.475	145723	333.713	1.52151	970.851	-81.1834
0.785833	0.475	156791	341.762	1.59851	962.546	-99.2211
0.854167	0.475	167030	348.79	1.66859	955.795	-115.218
0.9225	0.475	175822	354.54	1.72793	951.035	-128.794
0.990833	0.475	182931	359.026	1.77533	948.316	-140.029
1.05917	0.475	188426	362.417	1.81155	947.429	-149.235
1.1275	0.475	192554	364.94	1.83844	948.041	-156.78
1.19583	0.475	195622	366.812	1.8582	949.796	-163.004
1.26417	0.475	197926	368.221	1.87289	952.368	-168.171
1.3325	0.475	199710	369.311	1.88419	955.479	-172.474
1.40083	0.475	201160	370.19	1.89337	958.907	-176.048
1.46917	0.475	202406	370.93	1.9013	962.478	-178.989
1.5375	0.475	203533	371.581	1.90853	966.056	-181.373
1.60583	0.475	204592	372.175	1.9154	969.538	-183.27
1.67417	0.475	205610	372.73	1.92206	972.846	-184.746
1.7425	0.475	206598	373.256	1.92858	975.927	-185.869
1.81083	0.475	207556	373.757	1.93493	978.743	-186.704
1.87917	0.475	208476	374.231	1.94104	981.274	-187.314
1.9475	0.475	209348	374.676	1.94684	983.511	-187.752
2.01583	0.475	210160	375.088	1.95225	985.457	-188.063
2.08417	0.475	210901	375.462	1.95718	987.122	-188.285
2.1525	0.475	211564	375.796	1.96159	988.524	-188.443
2.22083	0.475	212143	376.086	1.96544	989.686	-188.558
2.28917	0.475	212638	376.335	1.96872	990.631	-188.643
2.3575	0.475	213051	376.542	1.97146	991.387	-188.706
2.42583	0.475	213388	376.711	1.97369	991.981	-188.755
2.49417	0.475	213656	376.846	1.97547	992.438	-188.792
2.5625	0.475	213865	376.95	1.97685	992.784	-188.82
2.63083	0.475	214024	377.03	1.9779	993.041	-188.841
2.69917	0.475	214142	377.089	1.97868	993.227	-188.857
2.7675	0.475	214227	377.132	1.97924	993.36	-188.869
2.83583	0.475	214288	377.163	1.97965	993.453	-188.877
2.90417	0.475	214330	377.184	1.97993	993.517	-188.883
2.9725	0.475	214359	377.198	1.98011	993.56	-188.887
3.04083	0.475	214378	377.208	1.98024	993.588	-188.889
3.10917	0.475	214391	377.214	1.98032	993.606	-188.891
3.1775	0.475	214399	377.218	1.98038	993.617	-188.892
3.24583	0.475	214404	377.221	1.98041	993.625	-188.893
3.31417	0.475	214407	377.222	1.98043	993.629	-188.893
3.3825	0.475	214408	377.223	1.98044	993.631	-188.893
3.45083	0.475	214409	377.224	1.98045	993.633	-188.894
3.51917	0.475	214410	377.224	1.98045	993.634	-188.894
3.5875	0.475	214410	377.224	1.98045	993.634	-188.894
3.65583	0.475	214411	377.224	1.98045	993.635	-188.894
3.72417	0.475	214411	377.224	1.98046	993.635	-188.894
3.7925	0.475	214411	377.224	1.98046	993.635	-188.894
3.86083	0.475	214411	377.224	1.98046	993.635	-188.894
3.92917	0.475	214411	377.224	1.98046	993.635	-188.894
3.9975	0.475	214411	377.224	1.98046	993.635	-188.894
4.06583	0.475	214409	377.223	1.98045	993.639	-188.892
0.0341667	0.525	105085	300	1.2205	1006.85	0
0.1025	0.525	105128	300.037	1.22085	1006.81	-0.112272
0.170833	0.525	105372	300.248	1.22282	1006.57	-0.738579
0.239167	0.525	106158	300.933	1.22914	1005.83	-2.71338
0.3075	0.525	108039	302.588	1.24408	1004.04	-7.29152
0.375833	0.525	111714	305.844	1.27269	1000.54	-15.8255
0.444167	0.525	117809	311.213	1.31898	994.74	-29.0872
0.5125	0.525	126551	318.71	1.38353	986.557	-46.5982
0.580833	0.525	137512	327.663	1.46228	976.641	-66.6128
0.649167	0.525	149669	336.981	1.54755	966.227	-86.8843
0.7175	0.525	161752	345.636	1.63061	956.641	-105.57
0.785833	0.525	172670	352.986	1.70442	948.852	-121.667
0.854167	0.525	181763	358.811	1.76505	943.314	-134.942
0.9225	0.525	188836	363.191	1.81163	940.033	-145.647
0.990833	0.525	194041	366.357	1.84548	938.739	-154.243
1.05917	0.525	197717	368.586	1.86906	939.04	-161.207
1.1275	0.525	200251	370.136	1.88509	940.534	-166.944
1.19583	0.525	202000	371.22	1.89599	942.864	-171.75
1.26417	0.525	203248	372	1.90371	945.742	-175.818
1.3325	0.525	204204	372.591	1.90963	948.945	-179.265
1.40083	0.525	205009	373.072	1.91469	952.304	-182.154
1.46917	0.525	205750	373.494	1.91944	955.696	-184.527
1.5375	0.525	206478	373.889	1.9242	959.028	-186.419
1.60583	0.525	207218	374.275	1.9291	962.231	-187.875
1.67417	0.525	207979	374.662	1.93419	965.254	-188.946
1.7425	0.525	208757	375.051	1.93941	968.061	-189.695
1.81083	0.525	209544	375.441	1.94469	970.626	-190.186
1.87917	0.525	210325	375.826	1.94994	972.937	-190.482
1.9475	0.525	211084	376.201	1.95503	974.988	-190.64
2.01583	0.525	211807	376.557	1.95987	976.781	-190.706
2.08417	0.525	212479	376.889	1.96436	978.325	-190.717
2.1525	0.525	213089	377.19	1.96843	979.634	-190.698
2.22083	0.525	213629	377.457	1.97202	980.725	-190.668
2.28917	0.525	214096	377.688	1.97512	981.619	-190.636
2.3575	0.525	214490	377.883	1.97773	982.339	-190.608
2.42583	0.525	214814	378.044	1.97988	982.909	-190.586
2.49417	0.525	215073	378.173	1.98159	983.35	-190.569
2.5625	0.525	215277	378.274	1.98294	983.687	-190.558
2.63083	0.525	215433	378.351	1.98397	983.937	-190.55
2.69917	0.525	215549	378.409	1.98474	984.121	-190.546
2.7675	0.525	215634	378.452	1.9853	984.252	-190.543
2.83583	0.525	215695	378.482	1.9857	984.344	-190.542
2.90417	0.525	215737	378.503	1.98598	984.408	-190.541
2.9725	0.525	215766	378.517	1.98617	984.451	-190.54
3.04083	0.525	215785	378.527	1.98629	984.479	-190.54
3.10917	0.525	215798	378.533	1.98638	984.497	-190.54
3.1775	0.525	215806	378.537	1.98643	984.509	-190.54
3.24583	0.525	215811	378.54	1.98646	984.516	-190.54
3.31417	0.525	215814	378.541	1.98648	984.52	-190.54
3.3825	0.525	215816	378.542	1.9865	984.523	-190.54
3.45083	0.525	215817	378.543	1.9865	984.525	-190.54
3.51917	0.525	215818	378.543	1.98651	984.525	-190.54
3.5875	0.525	215818	378.543	1.98651	984.526	-190.54
3.65583	0.525	215818	378.543	1.98651	984.526	-190.54
3.72417	0.525	215818	378.543	1.98651	984.526	-190.54
3.7925	0.525	215819	378.543	1.98651	984.526	-190.54
3.86083	0.525	215819	378.543	1.98651	984.526	-190.54
3.92917	0.525	215819	378.543	1.98651	984.527	-190.54
3.9975	0.525	215819	378.543	1.98651	984.527	-190.54
4.06583	0.525	215818	378.543	1.98651	984.531	-190.539
0.0341667	0.575	105085	300	1.2205	1006.85	0
0.1025	0.575	105209	300.108	1.2215	1006.73	-0.324225
0.170833	0.575	105834	300.653	1.22653	1006.13	-1.91486
0.239167	0.575	107636	302.248	1.24082	1004.4	-6.34961
0.3075	0.575	111497	305.705	1.2708	1000.67	-15.3755
0.375833	0.575	118199	311.678	1.32138	994.182	-29.927
0.444167	0.575	127971	320.124	1.39287	984.845	-49.236
0.5125	0.575	140201	330.119	1.47979	973.518	-70.9786
0.580833	0.575	153590	340.3	1.5726	961.718	-92.4371
0.649167	0.575	166635	349.506	1.66123	950.962	-111.615
0.7175	0.575	178131	357.095	1.73809	942.28	-127.604
0.785833	0.575	187418	362.915	1.79939	936.095	-140.372
0.854167	0.575	194370	367.121	1.84475	932.349	-150.367
0.9225	0.575	199231	370.009	1.87613	930.7	-158.201
0.990833	0.575	202429	371.903	1.89654	930.695	-164.46
1.05917	0.575	204425	373.094	1.90913	931.887	-169.615
1.1275	0.575	205628	373.817	1.91664	933.889	-173.994
1.19583	0.575	206356	374.251	1.9212	936.401	-177.798
1.26417	0.575	206837	374.519	1.9243	939.198	-181.126
1.3325	0.575	207218	374.705	1.92689	942.127	-184.011
1.40083	0.575	207587	374.863	1.92951	945.08	-186.454
1.46917	0.575	207991	375.024	1.93242	947.986	-188.45
1.5375	0.575	208450	375.208	1.93574	950.796	-190.005
1.60583	0.575	208970	375.423	1.93946	953.474	-191.145
1.67417	0.575	209545	375.67	1.94352	955.995	-191.915
1.7425	0.575	210166	375.945	1.94785	958.338	-192.376
1.81083	0.575	210817	376.243	1.95234	960.49	-192.596
1.87917	0.575	211483	376.555	1.95689	962.442	-192.64
1.9475	0.575	212145	376.87	1.96137	964.19	-192.569
2.01583	0.575	212787	377.18	1.96569	965.733	-192.432
2.08417	0.575	213392	377.474	1.96974	967.075	-192.267
2.1525	0.575	213948	377.746	1.97345	968.224	-192.101
2.22083	0.575	214445	377.991	1.97675	969.192	-191.947
2.28917	0.575	214878	378.205	1.97963	969.993	-191.816
2.3575	0.575	215246	378.387	1.98206	970.644	-191.709
2.42583	0.575	215551	378.538	1.98408	971.162	-191.626
2.49417	0.575	215797	378.661	1.9857	971.568	-191.563
2.5625	0.575	215991	378.757	1.98698	971.879	-191.517
2.63083	0.575	216140	378.831	1.98796	972.112	-191.484
2.69917	0.575	216252	378.887	1.9887	972.284	-191.461
2.7675	0.575	216333	378.927	1.98923	972.407	-191.446
2.83583	0.575	216392	378.956	1.98962	972.494	-191.435
2.90417	0.575	216433	378.977	1.98989	972.554	-191.429
2.9725	0.575	216461	378.991	1.99007	972.595	-191.424
3.04083	0.575	216479	379	1.99019	972.622	-191.422
3.10917	0.575	216492	379.006	1.99028	972.639	-191.42
3.1775	0.575	216500	379.01	1.99033	972.65	-191.419
3.24583	0.575	216504	379.012	1.99036	972.657	-191.419
3.31417	0.575	216507	379.014	1.99038	972.661	-191.418
3.3825	0.575	216509	379.015	1.99039	972.664	-191.418
3.45083	0.575	216510	379.015	1.9904	972.665	-191.418
3.51917	0.575	216511	379.016	1.9904	972.666	-191.418
3.5875	0.575	216511	379.016	1.9904	972.667	-191.418
3.65583	0.575	216512	379.016	1.99041	972.667	-191.418
3.72417	0.575	216512	379.016	1.99041	972.667	-191.418
3.7925	0.575	216512	379.016	1.99041	972.667	-191.418
3.86083	0.575	216512	379.016	1.99041	972.667	-191.418
3.92917	0.575	216512	379.016	1.99041	972.667	-191.418
3.9975	0.575	216512	379.016	1.99041	972.667	-191.418
4.06583	0.575	216511	379.016	1.9904	972.673	-191.417
0.0341667	0.625	105085	300	1.2205	1006.85	0
0.1025	0.625	105444	300.314	1.22339	1006.5	-0.933658
0.170833	0.625	107009	301.709	1.23581	1004.98	-4.85312
0.239167	0.625	110954	305.287	1.26635	1001.11	-14.1874
0.3075	0.625	118296	311.936	1.32137	993.882	-30.1817
0.375833	0.625	129249	321.517	1.40069	983.227	-51.6246
0.444167	0.625	142906	332.708	1.4966	970.365	-75.3443
0.5125	0.625	157583	343.785	1.59713	957.2	-98.0296
0.580833	0.625	171527	353.469	1.69083	945.437	-117.576
0.649167	0.625	183468	361.178	1.76993	936.095	-133.27
0.7175	0.625	192811	366.874	1.83119	929.498	-145.346
0.785833	0.625	199544	370.811	1.87501	925.482	-154.472
0.854167	0.625	204015	373.351	1.90399	923.624	-161.416
0.9225	0.625	206734	374.857	1.92161	923.417	-166.859
0.990833	0.625	208219	375.648	1.93133	924.374	-171.33
1.05917	0.625	208916	375.975	1.93611	926.082	-175.19
1.1275	0.625	209169	376.027	1.93819	928.224	-178.651
1.19583	0.625	209218	375.938	1.9391	930.574	-181.808
1.26417	0.625	209215	375.796	1.93981	932.985	-184.672
1.3325	0.625	209246	375.657	1.94082	935.368	-187.21
1.40083	0.625	209354	375.553	1.94235	937.677	-189.373
1.46917	0.625	209554	375.504	1.94446	939.889	-191.126
1.5375	0.625	209844	375.517	1.94709	941.993	-192.454
1.60583	0.625	210218	375.592	1.95016	943.985	-193.375
1.67417	0.625	210663	375.726	1.95359	945.861	-193.931
1.7425	0.625	211165	375.91	1.9573	947.618	-194.184
1.81083	0.625	211709	376.133	1.96117	949.249	-194.205
1.87917	0.625	212277	376.383	1.96513	950.75	-194.063
1.9475	0.625	212853	376.649	1.96907	952.115	-193.823
2.01583	0.625	213418	376.918	1.97289	953.34	-193.536
2.08417	0.625	213957	377.179	1.9765	954.423	-193.24
2.1525	0.625	214457	377.425	1.97983	955.365	-192.963
2.22083	0.625	214908	377.648	1.98282	956.17	-192.718
2.28917	0.625	215303	377.844	1.98544	956.846	-192.512
2.3575	0.625	215641	378.012	1.98767	957.401	-192.346
2.42583	0.625	215922	378.153	1.98952	957.848	-192.217
2.49417	0.625	216150	378.266	1.99102	958.201	-192.119
2.5625	0.625	216329	378.356	1.9922	958.473	-192.046
2.63083	0.625	216468	378.425	1.99311	958.679	-191.995
2.69917	0.625	216571	378.477	1.99379	958.832	-191.958
2.7675	0.625	216648	378.515	1.99429	958.942	-191.933
2.83583	0.625	216702	378.543	1.99465	959.02	-191.916
2.90417	0.625	216740	378.562	1.9949	959.074	-191.905
2.9725	0.625	216767	378.575	1.99507	959.11	-191.898
3.04083	0.625	216784	378.584	1.99519	959.135	-191.893
3.10917	0.625	216795	378.589	1.99526	959.151	-191.89
3.1775	0.625	216803	378.593	1.99531	959.161	-191.889
3.24583	0.625	216807	378.595	1.99534	959.167	-191.888
3.31417	0.625	216810	378.597	1.99536	959.171	-191.887
3.3825	0.625	216812	378.597	1.99537	959.173	-191.887
3.45083	0.625	216813	378.598	1.99538	959.174	-191.886
3.51917	0.625	216813	378.598	1.99538	959.175	-191.886
3.5875	0.625	216814	378.598	1.99538	959.176	-191.886
3.65583	0.625	216814	378.599	1.99538	959.176	-191.886
3.72417	0.625	216814	378.599	1.99538	959.176	-191.886
3.7925	0.625	216814	378.599	1.99538	959.176	-191.886
3.86083	0.625	216814	378.599	1.99538	959.176	-191.886
3.92917	0.625	216814	378.599	1.99538	959.176	-191.886
3.9975	0.625	216814	378.599	1.99538	959.176	-191.886
4.06583	0.625	216814	378.599	1.99538	959.181	-191.886
0.0341667	0.675	105085	300	1.2205	1006.85	0
0.1025	0.675	106123	300.928	1.22875	1005.83	-2.66811
0.170833	0.675	109909	304.418	1.258	1002.05	-11.8197
0.239167	0.675	117915	311.836	1.31753	994.001	-29.4483
0.3075	0.675	130317	322.882	1.40629	981.706	-53.6274
0.375833	0.675	145693	335.546	1.51288	967.031	-79.8081
0.444167	0.675	161787	347.585	1.62182	952.473	-103.869
0.5125	0.675	176559	357.636	1.72015	939.913	-123.686
0.580833	0.675	188757	365.279	1.80051	930.243	-138.897
0.649167	0.675	197961	370.669	1.86085	923.575	-150.101
0.7175	0.675	204338	374.193	1.9027	919.581	-158.224
0.785833	0.675	208362	376.286	1.92938	917.745	-164.179
0.854167	0.675	210611	377.346	1.94473	917.517	-168.723
0.9225	0.675	211634	377.704	1.95233	918.388	-172.426
0.990833	0.675	211893	377.617	1.95516	919.933	-175.671
1.05917	0.675	211739	377.28	1.95549	921.823	-178.684
1.1275	0.675	211418	376.828	1.95487	923.825	-181.564
1.19583	0.675	211085	376.354	1.95424	925.793	-184.318
1.26417	0.675	210825	375.914	1.95412	927.648	-186.893
1.3325	0.675	210677	375.542	1.95468	929.362	-189.209
1.40083	0.675	210649	375.254	1.95593	930.936	-191.191
1.46917	0.675	210737	375.057	1.95777	932.388	-192.781
1.5375	0.675	210927	374.95	1.96009	933.738	-193.958
1.60583	0.675	211205	374.927	1.9628	935.008	-194.733
1.67417	0.675	211557	374.979	1.96579	936.213	-195.148
1.7425	0.675	211968	375.096	1.969	937.358	-195.266
1.81083	0.675	212424	375.262	1.97236	938.447	-195.159
1.87917	0.675	212908	375.464	1.9758	939.476	-194.9
1.9475	0.675	213405	375.689	1.97923	940.438	-194.554
2.01583	0.675	213899	375.922	1.98257	941.326	-194.173
2.08417	0.675	214373	376.152	1.98575	942.131	-193.798
2.1525	0.675	214816	376.371	1.9887	942.848	-193.453
2.22083	0.675	215218	376.571	1.99136	943.474	-193.152
2.28917	0.675	215572	376.749	1.99369	944.008	-192.902
2.3575	0.675	215875	376.901	1.99569	944.455	-192.7
2.42583	0.675	216128	377.029	1.99735	944.82	-192.543
2.49417	0.675	216333	377.132	1.9987	945.111	-192.425
2.5625	0.675	216495	377.214	1.99977	945.337	-192.337
2.63083	0.675	216620	377.276	2.00059	945.51	-192.274
2.69917	0.675	216714	377.324	2.00121	945.639	-192.23
2.7675	0.675	216783	377.358	2.00166	945.732	-192.199
2.83583	0.675	216833	377.383	2.00198	945.799	-192.179
2.90417	0.675	216867	377.4	2.00221	945.845	-192.165
2.9725	0.675	216890	377.412	2.00236	945.876	-192.156
3.04083	0.675	216906	377.42	2.00247	945.897	-192.151
3.10917	0.675	216916	377.425	2.00253	945.911	-192.147
3.1775	0.675	216923	377.428	2.00258	945.919	-192.145
3.24583	0.675	216927	377.43	2.0026	945.925	-192.144
3.31417	0.675	216930	377.432	2.00262	945.928	-192.143
3.3825	0.675	216931	377.432	2.00263	945.93	-192.142
3.45083	0.675	216932	377.433	2.00264	945.931	-192.142
3.51917	0.675	216932	377.433	2.00264	945.932	-192.142
3.5875	0.675	216933	377.433	2.00264	945.932	-192.142
3.65583	0.675	216933	377.433	2.00264	945.932	-192.142
3.72417	0.675	216933	377.433	2.00264	945.933	-192.142
3.7925	0.675	216933	377.433	2.00264	945.933	-192.142
3.86083	0.675	216933	377.433	2.00264	945.933	-192.142
3.92917	0.675	216933	377.433	2.00264	945.933	-192.142
3.9975	0.675	216933	377.433	2.00264	945.933	-192.142
4.06583	0.675	216933	377.434	2.00264	945.937	-192.142
0.0341667	0.725	105085	300	1.2205	1006.85	0
0.1025	0.725	108066	302.792	1.24355	1003.81	-7.47461
0.170833	0.725	116652	311.015	1.30686	994.937	-26.8315
0.239167	0.725	130984	324.136	1.40802	980.382	-54.8879
0.3075	0.725	148633	338.779	1.52869	963.338	-84.4704
0.375833	0.725	166397	351.878	1.64767	947.278	-110.226
0.444167	0.725	181911	362.101	1.75044	934.201	-130.22
0.5125	0.725	194103	369.381	1.83094	924.653	-144.723
0.580833	0.725	202889	374.187	1.88925	918.368	-154.856
0.649167	0.725	208716	377.093	1.92853	914.77	-161.846
0.7175	0.725	212211	378.618	1.95293	913.234	-166.741
0.785833	0.725	214001	379.178	1.96648	913.186	-170.345
0.854167	0.725	214631	379.1	1.97268	914.132	-173.234
0.9225	0.725	214544	378.629	1.97433	915.662	-175.795
0.990833	0.725	214075	377.949	1.97356	917.455	-178.26
1.05917	0.725	213464	377.189	1.97189	919.279	-180.739
1.1275	0.725	212864	376.438	1.97027	920.981	-183.247
1.19583	0.725	212363	375.751	1.96923	922.481	-185.733
1.26417	0.725	211999	375.158	1.96897	923.758	-188.106
1.3325	0.725	211780	374.674	1.96947	924.827	-190.264
1.40083	0.725	211694	374.301	1.97063	925.724	-192.113
1.46917	0.725	211725	374.038	1.97231	926.494	-193.591
1.5375	0.725	211855	373.876	1.97438	927.182	-194.668
1.60583	0.725	212069	373.806	1.97674	927.823	-195.354
1.67417	0.725	212352	373.816	1.97932	928.442	-195.689
1.7425	0.725	212691	373.893	1.98207	929.057	-195.736
1.81083	0.725	213072	374.022	1.98494	929.671	-195.567
1.87917	0.725	213483	374.189	1.98788	930.284	-195.253
1.9475	0.725	213908	374.38	1.99082	930.888	-194.861
2.01583	0.725	214333	374.581	1.99371	931.471	-194.443
2.08417	0.725	214744	374.782	1.99646	932.023	-194.036
2.1525	0.725	215130	374.974	1.99903	932.531	-193.666
2.22083	0.725	215482	375.151	2.00135	932.989	-193.345
2.28917	0.725	215792	375.308	2.0034	933.389	-193.08
2.3575	0.725	216059	375.443	2.00515	933.731	-192.867
2.42583	0.725	216281	375.555	2.00661	934.014	-192.702
2.49417	0.725	216462	375.647	2.0078	934.244	-192.577
2.5625	0.725	216605	375.719	2.00874	934.425	-192.486
2.63083	0.725	216715	375.774	2.00946	934.564	-192.42
2.69917	0.725	216798	375.816	2.01001	934.668	-192.374
2.7675	0.725	216858	375.846	2.01041	934.745	-192.342
2.83583	0.725	216901	375.868	2.01069	934.799	-192.32
2.90417	0.725	216932	375.883	2.01089	934.837	-192.306
2.9725	0.725	216952	375.893	2.01102	934.863	-192.297
3.04083	0.725	216966	375.9	2.01111	934.88	-192.291
3.10917	0.725	216975	375.905	2.01117	934.891	-192.288
3.1775	0.725	216980	375.908	2.01121	934.898	-192.285
3.24583	0.725	216984	375.909	2.01123	934.903	-192.284
3.31417	0.725	216986	375.91	2.01125	934.906	-192.283
3.3825	0.725	216987	375.911	2.01126	934.907	-192.283
3.45083	0.725	216988	375.911	2.01126	934.908	-192.283
3.51917	0.725	216989	375.912	2.01126	934.909	-192.282
3.5875	0.725	216989	375.912	2.01127	934.909	-192.282
3.65583	0.725	216989	375.912	2.01127	934.909	-192.282
3.72417	0.725	216989	375.912	2.01127	934.909	-192.282
3.7925	0.725	216989	375.912	2.01127	934.909	-192.282
3.86083	0.725	216989	375.912	2.01127	934.909	-192.282
3.92917	0.725	216989	375.912	2.01127	934.909	-192.282
3.9975	0.725	216989	375.912	2.01127	934.909	-192.282
4.06583	0.725	216989	375.912	2.01126	934.912	-192.282
0.0341667	0.775	105085	300	1.2205	1006.85	0
0.1025	0.775	113501	308.445	1.28216	997.8	-19.9734
0.170833	0.775	130726	324.936	1.40178	979.681	-54.4294
0.239167	0.775	151802	342.575	1.54397	959.089	-89.4755
0.3075	0.775	171719	356.843	1.67672	941.313	-117.561
0.375833	0.775	187846	366.855	1.78412	928.15	-137.582
0.444167	0.775	199636	373.298	1.86338	919.353	-151.03
0.5125	0.775	207619	377.135	1.91817	914.019	-159.809
0.580833	0.775	212639	379.181	1.95396	911.234	-165.505
0.649167	0.775	215496	380.024	1.97581	910.263	-169.278
0.7175	0.775	216834	380.077	1.98781	910.547	-171.931
0.785833	0.775	217153	379.627	1.99309	911.653	-174.007
0.854167	0.775	216834	378.878	1.99409	913.236	-175.863
0.9225	0.775	216165	377.981	1.99266	915.016	-177.719
0.990833	0.775	215361	377.044	1.99019	916.779	-179.694
1.05917	0.775	214570	376.141	1.98763	918.373	-181.821
1.1275	0.775	213881	375.322	1.98558	919.712	-184.066
1.19583	0.775	213340	374.612	1.98431	920.764	-186.348
1.26417	0.775	212956	374.021	1.98386	921.546	-188.561
1.3325	0.775	212720	373.55	1.98416	922.098	-190.591
1.40083	0.775	212613	373.193	1.98506	922.478	-192.339
1.46917	0.775	212614	372.942	1.98641	922.744	-193.738
1.5375	0.775	212705	372.786	1.98809	922.95	-194.755
1.60583	0.775	212871	372.715	1.99002	923.139	-195.397
1.67417	0.775	213098	372.717	1.99213	923.34	-195.703
1.7425	0.775	213374	372.779	1.99439	923.571	-195.732
1.81083	0.775	213690	372.887	1.99676	923.842	-195.553
1.87917	0.775	214034	373.03	1.9992	924.148	-195.238
1.9475	0.775	214392	373.193	2.00167	924.484	-194.849
2.01583	0.775	214752	373.367	2.0041	924.836	-194.438
2.08417	0.775	215103	373.541	2.00644	925.192	-194.04
2.1525	0.775	215433	373.707	2.00862	925.536	-193.68
2.22083	0.775	215734	373.86	2.01061	925.858	-193.37
2.28917	0.775	216001	373.996	2.01237	926.149	-193.114
2.3575	0.775	216231	374.112	2.01388	926.404	-192.91
2.42583	0.775	216423	374.21	2.01514	926.619	-192.752
2.49417	0.775	216579	374.289	2.01617	926.796	-192.634
2.5625	0.775	216702	374.351	2.01698	926.938	-192.548
2.63083	0.775	216797	374.399	2.0176	927.047	-192.486
2.69917	0.775	216868	374.435	2.01807	927.13	-192.443
2.7675	0.775	216920	374.461	2.01841	927.191	-192.413
2.83583	0.775	216957	374.48	2.01866	927.235	-192.393
2.90417	0.775	216983	374.493	2.01883	927.266	-192.381
2.9725	0.775	217000	374.502	2.01895	927.287	-192.372
3.04083	0.775	217012	374.507	2.01902	927.301	-192.367
3.10917	0.775	217019	374.511	2.01907	927.31	-192.364
3.1775	0.775	217024	374.514	2.0191	927.315	-192.362
3.24583	0.775	217027	374.515	2.01912	927.319	-192.361
3.31417	0.775	217029	374.516	2.01914	927.321	-192.36
3.3825	0.775	217030	374.517	2.01914	927.323	-192.359
3.45083	0.775	217031	374.517	2.01915	927.323	-192.359
3.51917	0.775	217031	374.517	2.01915	927.324	-192.359
3.5875	0.775	217031	374.517	2.01915	927.324	-192.359
3.65583	0.775	217031	374.517	2.01915	927.324	-192.359
3.72417	0.775	217032	374.517	2.01915	927.324	-192.359
3.7925	0.775	217032	374.517	2.01915	927.324	-192.359
3.86083	0.775	217032	374.517	2.01915	927.324	-192.359
3.92917	0.775	217032	374.517	2.01915	927.324	-192.359
3.9975	0.775	217032	374.517	2.01915	927.324	-192.359
4.06583	0.775	217032	374.518	2.01915	927.326	-192.359
0.0341667	0.825	105085	300	1.2205	1006.85	0
0.1025	0.825	127656	323.662	1.37426	981.49	-48.5609
0.170833	0.825	155282	347.065	1.55894	954.094	-95.1223
0.239167	0.825	178365	362.556	1.71417	934.227	-126.904
0.3075	0.825	194794	371.583	1.82658	921.793	-146.505
0.375833	0.825	205530	376.488	1.90214	914.649	-158.201
0.444167	0.825	212173	378.936	1.95093	910.911	-165.131
0.5125	0.825	216074	379.948	1.98151	909.306	-169.277
0.580833	0.825	218172	380.117	1.99986	909.053	-171.84
0.649167	0.825	219073	379.78	2.0099	909.682	-173.547
0.7175	0.825	219171	379.139	2.0142	910.887	-174.848
0.785833	0.825	218743	378.32	2.01462	912.439	-176.029
0.854167	0.825	218001	377.416	2.0126	914.143	-177.276
0.9225	0.825	217115	376.497	2.00931	915.829	-178.7
0.990833	0.825	216216	375.617	2.00568	917.358	-180.351
1.05917	0.825	215398	374.814	2.00237	918.638	-182.225
1.1275	0.825	214714	374.112	1.99976	919.621	-184.266
1.19583	0.825	214188	373.519	1.99802	920.306	-186.385
1.26417	0.825	213816	373.037	1.99713	920.725	-188.467
1.3325	0.825	213582	372.658	1.99697	920.931	-190.396
1.40083	0.825	213465	372.375	1.9974	920.987	-192.072
1.46917	0.825	213444	372.179	1.99826	920.952	-193.424
1.5375	0.825	213501	372.06	1.99943	920.879	-194.417
1.60583	0.825	213622	372.01	2.00083	920.809	-195.053
1.67417	0.825	213797	372.019	2.00242	920.771	-195.368
1.7425	0.825	214016	372.076	2.00416	920.783	-195.418
1.81083	0.825	214269	372.172	2.00602	920.851	-195.269
1.87917	0.825	214548	372.295	2.00796	920.975	-194.989
1.9475	0.825	214842	372.436	2.00995	921.146	-194.638
2.01583	0.825	215140	372.584	2.01193	921.353	-194.265
2.08417	0.825	215431	372.733	2.01386	921.581	-193.904
2.1525	0.825	215707	372.875	2.01567	921.816	-193.579
2.22083	0.825	215961	373.006	2.01733	922.046	-193.3
2.28917	0.825	216186	373.122	2.0188	922.26	-193.07
2.3575	0.825	216380	373.222	2.02008	922.453	-192.889
2.42583	0.825	216542	373.305	2.02114	922.619	-192.75
2.49417	0.825	216675	373.373	2.02201	922.757	-192.646
2.5625	0.825	216779	373.426	2.0227	922.869	-192.571
2.63083	0.825	216860	373.467	2.02323	922.957	-192.518
2.69917	0.825	216920	373.498	2.02363	923.024	-192.481
2.7675	0.825	216965	373.52	2.02392	923.073	-192.456
2.83583	0.825	216996	373.536	2.02413	923.109	-192.439
2.90417	0.825	217018	373.547	2.02427	923.134	-192.429
2.9725	0.825	217033	373.554	2.02437	923.151	-192.422
3.04083	0.825	217043	373.559	2.02444	923.162	-192.418
3.10917	0.825	217049	373.562	2.02448	923.17	-192.415
3.1775	0.825	217053	373.564	2.02451	923.175	-192.413
3.24583	0.825	217056	373.566	2.02452	923.178	-192.413
3.31417	0.825	217057	373.566	2.02453	923.179	-192.412
3.3825	0.825	217058	373.567	2.02454	923.18	-192.412
3.45083	0.825	217059	373.567	2.02454	923.181	-192.412
3.51917	0.825	217059	373.567	2.02454	923.181	-192.411
3.5875	0.825	217059	373.567	2.02454	923.182	-192.411
3.65583	0.825	217059	373.567	2.02455	923.182	-192.411
3.72417	0.825	217059	373.567	2.02455	923.182	-192.411
3.7925	0.825	217059	373.567	2.02455	923.182	-192.411
3.86083	0.825	217059	373.567	2.02455	923.182	-192.411
3.92917	0.825	217059	373.567	2.02455	923.182	-192.411
3.9975	0.825	217059	373.567	2.02455	923.182	-192.411
4.06583	0.825	217059	373.568	2.02454	923.182	-192.411
0.0341667	0.875	105085	300	1.2205	1006.85	0
0.1025	0.875	159107	351.811	1.57579	948.435	-102.28
0.170833	0.875	188180	368.637	1.77866	925.459	-141.408
0.239167	0.875	203735	375.188	1.89206	915.596	-158.561
0.3075	0.875	212079	377.799	1.95594	911.387	-166.705
0.375833	0.875	216594	378.726	1.9927	909.782	-170.804
0.444167	0.875	219033	378.896	2.01422	909.441	-172.984
0.5125	0.875	220279	378.707	2.0267	909.771	-174.228
0.580833	0.875	220771	378.324	2.03328	910.523	-175.022
0.649167	0.875	220734	377.814	2.03568	911.581	-175.637
0.7175	0.875	220306	377.21	2.03498	912.868	-176.24
0.785833	0.875	219602	376.541	2.03208	914.298	-176.95
0.854167	0.875	218734	375.839	2.02783	915.764	-177.856
0.9225	0.875	217808	375.14	2.02302	917.154	-179.014
0.990833	0.875	216918	374.476	2.01832	918.368	-180.448
1.05917	0.875	216130	373.873	2.01423	919.339	-182.138
1.1275	0.875	215482	373.348	2.01102	920.037	-184.026
1.19583	0.875	214986	372.906	2.00877	920.467	-186.019
1.26417	0.875	214633	372.545	2.00741	920.667	-188.005
1.3325	0.875	214404	372.262	2.00679	920.686	-189.867
1.40083	0.875	214277	372.05	2.00675	920.583	-191.502
1.46917	0.875	214232	371.902	2.00713	920.413	-192.838
1.5375	0.875	214252	371.813	2.0078	920.221	-193.837
1.60583	0.875	214326	371.776	2.00869	920.044	-194.498
1.67417	0.875	214445	371.785	2.00975	919.908	-194.852
1.7425	0.875	214603	371.834	2.01096	919.826	-194.951
1.81083	0.875	214791	371.913	2.0123	919.806	-194.857
1.87917	0.875	215004	372.016	2.01374	919.846	-194.636
1.9475	0.875	215232	372.133	2.01524	919.937	-194.345
2.01583	0.875	215468	372.258	2.01677	920.07	-194.029
2.08417	0.875	215702	372.383	2.01828	920.23	-193.721
2.1525	0.875	215926	372.503	2.01973	920.405	-193.443
2.22083	0.875	216133	372.613	2.02107	920.583	-193.206
2.28917	0.875	216319	372.711	2.02227	920.753	-193.012
2.3575	0.875	216480	372.796	2.02332	920.908	-192.86
2.42583	0.875	216615	372.867	2.0242	921.044	-192.744
2.49417	0.875	216726	372.925	2.02492	921.158	-192.659
2.5625	0.875	216815	372.971	2.0255	921.252	-192.598
2.63083	0.875	216883	373.006	2.02595	921.326	-192.555
2.69917	0.875	216934	373.032	2.02628	921.382	-192.526
2.7675	0.875	216972	373.051	2.02653	921.424	-192.507
2.83583	0.875	216999	373.064	2.02671	921.454	-192.494
2.90417	0.875	217017	373.074	2.02683	921.476	-192.486
2.9725	0.875	217030	373.08	2.02691	921.49	-192.481
3.04083	0.875	217038	373.085	2.02697	921.5	-192.478
3.10917	0.875	217044	373.087	2.02701	921.506	-192.476
3.1775	0.875	217047	373.089	2.02703	921.51	-192.475
3.24583	0.875	217050	373.09	2.02704	921.513	-192.474
3.31417	0.875	217051	373.091	2.02705	921.515	-192.474
3.3825	0.875	217052	373.091	2.02706	921.516	-192.474
3.45083	0.875	217052	373.091	2.02706	921.516	-192.474
3.51917	0.875	217052	373.092	2.02706	921.516	-192.473
3.5875	0.875	217053	373.092	2.02706	921.517	-192.473
3.65583	0.875	217053	373.092	2.02706	921.517	-192.473
3.72417	0.875	217053	373.092	2.02706	921.517	-192.473
3.7925	0.875	217053	373.092	2.02707	921.517	-192.473
3.86083	0.875	217053	373.092	2.02707	921.517	-192.473
3.92917	0.875	217053	373.092	2.02707	921.517	-192.473
3.9975	0.875	217053	373.092	2.02707	921.517	-192.473
4.06583	0.875	217053	373.092	2.02706	921.517	-192.473
0.0341667	0.925	224826	377.562	2.0748	909.381	-175.778
0.1025	0.925	227433	378.664	2.09276	910.174	-169.367
0.170833	0.925	227769	378.81	2.09504	910.722	-168.213
0.239167	0.925	227343	378.644	2.09203	911.154	-168.842
0.3075	0.925	226715	378.399	2.08761	911.492	-169.981
0.375833	0.925	226072	378.147	2.08307	911.779	-171.157
0.444167	0.925	225441	377.895	2.07865	912.082	-172.21
0.5125	0.925	224789	377.625	2.07411	912.476	-173.111
0.580833	0.925	224060	377.308	2.06912	913.031	-173.888
0.649167	0.925	223213	376.923	2.06341	913.787	-174.599
0.7175	0.925	222241	376.463	2.05694	914.74	-175.316
0.785833	0.925	221173	375.938	2.0499	915.84	-176.118
0.854167	0.925	220066	375.375	2.0427	916.998	-177.08
0.9225	0.925	218991	374.804	2.03582	918.111	-178.257
0.990833	0.925	218013	374.257	2.0297	919.084	-179.68
1.05917	0.925	217179	373.757	2.02463	919.852	-181.341
1.1275	0.925	216508	373.32	2.02075	920.385	-183.19
1.19583	0.925	216000	372.949	2.018	920.686	-185.147
1.26417	0.925	215635	372.644	2.01624	920.788	-187.105
1.3325	0.925	215388	372.4	2.01526	920.737	-188.953
1.40083	0.925	215234	372.212	2.01483	920.583	-190.594
1.46917	0.925	215150	372.074	2.01479	920.375	-191.952
1.5375	0.925	215119	371.984	2.01499	920.155	-192.991
1.60583	0.925	215133	371.937	2.01538	919.954	-193.706
1.67417	0.925	215185	371.929	2.0159	919.794	-194.125
1.7425	0.925	215269	371.955	2.01656	919.69	-194.296
1.81083	0.925	215383	372.008	2.01733	919.645	-194.279
1.87917	0.925	215523	372.083	2.01823	919.659	-194.135
1.9475	0.925	215681	372.173	2.01922	919.724	-193.916
2.01583	0.925	215851	372.271	2.02028	919.829	-193.668
2.08417	0.925	216026	372.372	2.02137	919.964	-193.422
2.1525	0.925	216198	372.47	2.02245	920.115	-193.198
2.22083	0.925	216361	372.562	2.02348	920.27	-193.007
2.28917	0.925	216510	372.645	2.02442	920.421	-192.851
2.3575	0.925	216642	372.717	2.02526	920.559	-192.73
2.42583	0.925	216754	372.777	2.02598	920.681	-192.638
2.49417	0.925	216847	372.827	2.02658	920.785	-192.572
2.5625	0.925	216921	372.866	2.02706	920.87	-192.524
2.63083	0.925	216979	372.897	2.02744	920.937	-192.492
2.69917	0.925	217023	372.92	2.02772	920.988	-192.47
2.7675	0.925	217056	372.937	2.02794	921.027	-192.456
2.83583	0.925	217079	372.949	2.02809	921.054	-192.447
2.90417	0.925	217095	372.957	2.0282	921.074	-192.441
2.9725	0.925	217107	372.963	2.02827	921.088	-192.437
3.04083	0.925	217114	372.966	2.02832	921.097	-192.435
3.10917	0.925	217119	372.969	2.02835	921.103	-192.434
3.1775	0.925	217122	372.971	2.02837	921.106	-192.433
3.24583	0.925	217124	372.971	2.02838	921.109	-192.433
3.31417	0.925	217125	372.972	2.02839	921.11	-192.432
3.3825	0.925	217126	372.972	2.0284	921.111	-192.432
3.45083	0.925	217126	372.973	2.0284	921.111	-192.432
3.51917	0.925	217126	372.973	2.0284	921.112	-192.432
3.5875	0.925	217127	372.973	2.0284	921.112	-192.432
3.65583	0.925	217127	372.973	2.0284	921.112	-192.432
3.72417	0.925	217127	372.973	2.0284	921.112	-192.432
3.7925	0.925	217127	372.973	2.0284	921.112	-192.432
3.86083	0.925	217127	372.973	2.0284	921.112	-192.432
3.92917	0.925	217127	372.973	2.0284	921.112	-192.432
3.9975	0.925	217127	372.973	2.0284	921.112	-192.432
4.06583	0.925	217127	372.973	2.0284	921.112	-192.432
0.0341667	0.975	224826	377.562	2.0748	909.381	-175.778
0.1025	0.975	227433	378.664	2.09276	910.174	-169.367
0.170833	0.975	227769	378.81	2.09504	910.722	-168.213
0.239167	0.975	227343	378.644	2.09203	911.154	-168.842
0.3075	0.975	226715	378.399	2.08761	911.492	-169.981
0.375833	0.975	226071	378.146	2.08307	911.779	-171.157
0.444167	0.975	225441	377.895	2.07865	912.082	-172.21
0.5125	0.975	224789	377.625	2.07411	912.476	-173.111
0.580833	0.975	224059	377.308	2.06912	913.031	-173.888
0.649167	0.975	223213	376.922	2.06341	913.787	-174.599
0.7175	0.975	222241	376.462	2.05693	914.741	-175.317
0.785833	0.975	221172	375.938	2.0499	915.841	-176.119
0.854167	0.975	220065	375.374	2.0427	916.999	-177.081
0.9225	0.975	218990	374.803	2.03582	918.112	-178.259
0.990833	0.975	218012	374.256	2.02969	919.085	-179.682
1.05917	0.975	217178	373.757	2.02463	919.853	-181.343
1.1275	0.975	216508	373.319	2.02074	920.385	-183.192
1.19583	0.975	215999	372.949	2.018	920.686	-185.149
1.26417	0.975	215635	372.644	2.01624	920.788	-187.107
1.3325	0.975	215388	372.4	2.01526	920.736	-188.955
1.40083	0.975	215234	372.212	2.01483	920.582	-190.595
1.46917	0.975	215150	372.074	2.01479	920.375	-191.954
1.5375	0.975	215120	371.984	2.01499	920.154	-192.992
1.60583	0.975	215133	371.937	2.01538	919.953	-193.707
1.67417	0.975	215185	371.929	2.0159	919.794	-194.125
1.7425	0.975	215269	371.955	2.01656	919.69	-194.296
1.81083	0.975	215384	372.008	2.01734	919.645	-194.279
1.87917	0.975	215523	372.083	2.01823	919.659	-194.134
1.9475	0.975	215681	372.173	2.01923	919.724	-193.916
2.01583	0.975	215851	372.271	2.02029	919.83	-193.668
2.08417	0.975	216026	372.372	2.02138	919.964	-193.422
2.1525	0.975	216198	372.47	2.02245	920.115	-193.198
2.22083	0.975	216362	372.562	2.02348	920.27	-193.007
2.28917	0.975	216510	372.645	2.02443	920.421	-192.851
2.3575	0.975	216642	372.717	2.02526	920.559	-192.729
2.42583	0.975	216754	372.777	2.02598	920.682	-192.638
2.49417	0.975	216847	372.827	2.02658	920.785	-192.571
2.5625	0.975	216921	372.866	2.02706	920.87	-192.524
2.63083	0.975	216979	372.897	2.02744	920.937	-192.492
2.69917	0.975	217023	372.92	2.02772	920.988	-192.47
2.7675	0.975	217056	372.937	2.02794	921.027	-192.456
2.83583	0.975	217079	372.949	2.02809	921.055	-192.446
2.90417	0.975	217095	372.957	2.0282	921.074	-192.441
2.9725	0.975	217107	372.963	2.02827	921.088	-192.437
3.04083	0.975	217114	372.966	2.02832	921.097	-192.435
3.10917	0.975	217119	372.969	2.02835	921.103	-192.434
3.1775	0.975	217122	372.971	2.02837	921.106	-192.433
3.24583	0.975	217124	372.971	2.02838	921.109	-192.433
3.31417	0.975	217125	372.972	2.02839	921.11	-192.432
3.3825	0.975	217126	372.972	2.0284	921.111	-192.432
3.45083	0.975	217126	372.973	2.0284	921.111	-192.432
3.51917	0.975	217126	372.973	2.0284	921.112	-192.432
3.5875	0.975	217127	372.973	2.0284	921.112	-192.432
3.65583	0.975	217127	372.973	2.0284	921.112	-192.432
3.72417	0.975	217127	372.973	2.0284	921.112	-192.432
3.7925	0.975	217127	372.973	2.0284	921.112	-192.432
3.86083	0.975	217127	372.973	2.0284	921.112	-192.432
3.92917	0.975	217127	372.973	2.0284	921.112	-192.432
3.9975	0.975	217127	372.973	2.0284	921.112	-192.432
4.06583	0.975	217127	372.973	2.0284	921.112	-192.432
